0000000000000000000000000000000000000000000000000000000000000000000000000000000000000000000000000000000000000000000000000000000000000000000000000000000000000000
0000000000000000000000000000000000000000000000000000000000000000000000000000000000000000000000000000000000000000000000000000000000000000000000000000000000000000
0000000000000000000000000000000000000000000000000000000000000000000000000000000000000000000000000000000000000000000000000000000000000000000000000000000000000000
0000000000000000000000000000000000000000000000000000000000000000000000000000000000000000000000000000000000000000000000000000000000000000000000000000000000000000
0000000000000000000000000000000000000000000000000000000000000000000000000000000000000000000000000000000000000000000000000000000000000000000000000000000000000000
0000000000000000000000000000000000000000000000000000000000000000000000000000000000000000000000000000000000000000000000000000000000000000000000000000000000000000
0000000000000000000000000000000000000000000000000000000000000000000000000000000000000000000000000000000000000000000000000000000000000000000000000000000000000000
0000000000000000000000000000000000000000000000000000000000000000000000000000000000000000000000000000000000000000000000000000000000000000000000000000000000000000
0000000000000000000000000000000000000000000000000000000000000000000000000000000000000000000000000000000000000000000000000000000000000000000000000000000000000000
0000000000000000000000000000000000000000000000000000000000000000000000000000000000000000000000000000000000000000000000000000000000000000000000000000000000000000
0000000000000000000000000000000000000000000000000000000000000000000000000000000000000000000000000000000000000000000000000000000000000000000000000000000000000000
0000000000000000000000000000000000000000000000000000000000000000000000000000000000000000000000000000000000000000000000000000000000000000000000000000000000000000
0000000000000000000000000000000000000000000000000000000000000000000000000000000000000000000000000000000000000000000000000000000000000000000000000000000000000000
0000000000000000000000000000000000000000000000000000000000000000000000000000000000000000000000000000000000000000000000000000000000000000000000000000000000000000
0000000000000000000000000000000000000000000000000000000000000000000000000000000000000000000000000000000000000000000000000000000000000000000000000000000000000000
0000000000000000000000000000000000000000000000000000000000000000000000000000000000000000000011111111100000000000000000000000000000000000000000000000000000000000
0000000000000000000000011001100110000001100000000000000000000000000000000000000000000000000111111111111110000000000000000000000000000000000000000000000000000000
0000000000000000000000111111111111000011110000000000000000000000000000000000000000000001111111111111111111000000000000000000000000000000000000000000000000000000
0000000000000000000001111111111111100111111000000000000000000000000000000000000000000011111111111111111111000000000000000000000000000000000000000000000000000000
0000000000000000000011111111111111111111111100000000000000000000000000000000000000000011111111111111111111110000000000000000000000000000000000000000000000000000
0000000000000000000111111111111111111111111110000000000110011001100110000000000000000011111111111111111111111000000000000000000000000000000000000000000000000000
0000000000000000001111111111111111111111111111000000001111111111111111000000000000000111111111111111111111110000000000000000000000000000000000000000000000000000
0000000000000000011111111111111111111111111111100000011111111111111111100000000000000111111111111111111111110000000000000000000000000000000000000000000000000000
0000000000000000111111111111111111111111111111100000001111111111111111110000000000000111111111111111111111111000000000000000000000000000000000000000000000000000
0000000000000000111111111111111111111111111111100000001111111111111111111000000000000111111111111111111111111000000000000000000111000100000000000000000000000000
0000000000000000011111111111111111111111111111100000011111111111111111111100000000000111111111111111111111111000000000000000001111111111100000000000000000000000
0000000000000000011111111111111111111111111111110000111111111111111111111110000000001111111111111111111111111000000000000000011111111111111000000000000000000000
0000000000000000111111111111111111111111111111110000111111111111111111111111000000011111111111111111111111111000000000000000011111111111111110000000000000000000
0000000000000000111111111111111111111111111111110000111111111111111111111111000000111111111111111111111111111000000000000000011111111111111100000000000000000000
0000000000000000011111111111111111111111111111111000111111111111111111111110000000111111111111111111111111111000000000011111111111111111111100000000000000000000
0000000000000000011111111111111111111111111111111000111111111111111111111110000000111111111111111111111111111000000000011111111111111111111100000000000000000000
0000000000000000111111111111111111111111111111110000111111111111111111111111000000111111111111111111111111111000000000111111111111111111111110000000000000000000
0000000000000000111111111111111111111111111111110000111111111111111111111111000000011111111111111111111111111000000000111111111111111111111111100000000000000000
0000000000000000011111111111111111111111111111111000111111111111111111111110000000001111111111111111111111111100000000011111111111111111111111110000000000000000
0000000000000000001111111111111111111111111111111000111111111111111111111100000000000011111111111111111111111110000000011111111111111111111111110000000000000000
0000000000000000000111111111111111111111111111110000111111111111111111111000000000000111111111111111111110011111000000011111111111111111111111111000000000000000
0000000000000000000111111111111111111111111111110000111111111111111111111000000000001111111111111111111100001111100000111111111111111111111111110000000000000000
0000000000000000001111111111111111111111111111111000111111111111111111111100000000111111111111111111111000000111111111111111111111111111111111110000000000000000
0000000000000000001111111111111111111111111111111000111111111111111111111100000000111111111111111111111000000011111111111111111111111111111111110000000000000000
0000000000000000000111111111111111111111111111110001111111111111111111111110000001111111111111111111111100000001111111111111111111111111111111110000000000000000
0000000000000000000011111111111111111111111111100000111111111111111111111111000011111111111011000011111110000001111111111111111111111111111111110000000000000000
0000000000000000000001111111111111111111111111000000011111111111111111111111100111111111110000000000011111000001111111111111111111111111111111110000000000000000
0000000000000000000000111111111111111111111111100000011111111111111111111111111111111111100000000000001111100001111111111111111111111111111111100000000000000000
0000000000000000000000011001100001111111111111100000111111111111111111111111111111111111100000000000000111111111111111110000111111111111111111000000000000000000
0000000000000000000000000000000001111111111111001001111111111111111111111111111111111111100000000000000011111111111111100000011111111111111111000000000000000000
0000000000000000000000100000000001111111111110011111111111111110011111111111111111111111000000000000000001111111111111100000011111111111111111100000000000000000
0000000000000000000001110000000011111111111100111111111111111100000111111111111111111111000001100000000001111111111111100000011111111111111111110000000000000000
0000000000000000000011111111110111000110011001111111111111111000000011111111111111111111100111110000000011111111111111100000011111111111111110000000000000000000
0000000000000000000111111111111110000000000011111111111111110000000001111111111111111111111111111000000011111111111111110000111111111111111000000000000000000000
0000000000000000001111111111111100000000000111111111111111110000000000111111111111111111111111111100000011111111111111111111111111111111100000000000000000000000
0000000000000000001111111111111111111100000111111111111111111000000000111111111111111111111111111110000111111111111111111111111111111111100000000000000000000000
0000000000000000000111111111111111111100001111111111111110011000000001111111111111111111111111111111001111111111111111111111111111111111100000000000000000000000
0000000000000000000111111111111111111111111111111111111100000000000011111111111111111111111111111111100111111111111111111111111111000011000000000000000000000000
0000000000000000001111111111111111111111111111111111111000000000000111111111111111111111111111111111110001111111111111111111111111000000000000000000000000000000
0000000000000000001111111111111111111111111111111111111000000000001111111111111111111111111111111111110000111111111111111111111111000000000000000000000000000000
0000000000000000011111111111111111111111111111111111111100000000000111111111111111111111111111111111100000011111111111111111111110000000000000000000000000000000
0000000000000000011111111111111111111111111111111111111100000000000011111111111111111111111111111111100000001111111111111111111110000000000000000000000000000000
0000000000000000001111111111111111111111111111111111111000000000000001100111111111111111111111111111000000011111111111111111111111000000000000000000000000000000
0000000000000000001111111111111111111111111111111111111000000100000000000011111111111111111111111111000000111111111111111111111111100000000000000000000000000000
0000000000000000001111111111111111111111111111111111111000001110000000000001111111111111111111111111100111111111111111111110000111110000110000000000000000000000
0000000000000000001111111111111111111111111111111111111100111111000000000001111111111111111111111111111111111111111111111110000011111001111000000000000000000000
0000000000000000001111111111111111111111111111111111111110111111000000000001111111111111111111111111111111111111111111111110000001111111111111000000000000000000
0000000000000000001111111111111111111000011111111111111111111111100000000011111111111111111111111111111111111111101111111110000000111111111111100000000000000000
0000000000000000000111111111111111110000011111110000111111111111111111110111111111111111111111111111111111111111000111111111000000011111111111100000000000000000
0000000000000000000011111111111111110000001111100000011111111111111111111111111111111111111111111111111111111110000011111111100000011111111111100000000000000000
0000000000000000000001111111111111100000000111100000011111111111111111111111111111111111111111111111111111111110000001100111110000011111111111110000000000000000
0000000000000000000000111111111111000000000111100000011111111111111111111111111111111111111111111111111111111100000000000011111000011111111111110000000000000000
0000000000000000000000011111111111000000000110000000011111111111111111111111111111111111111111111111111111111000000000000001111111111111111111100000000000000000
0000000000000000000000001111111110000000000000000000111111111111111111111111111111111111111111111111111111111000000000000000111111111111111110000000000000000000
0000000000000000000000000110011000000000000000000011111111111111111111111111111111000111111111111111111111111100000000000000011111111111111100000000000000000000
0000000000000000000000000000000000000000000000000111111111111111111111111111111110000011111111111111111111111100000000000000011111111111111100000000000000000000
0000000000000000000000000000000000000000000000000111111111111111111111111111111100000001111111111111111111111000000000000000111111111111111110000000000000000000
0000000000000000000000000000000000000000000000000011111111111111111111111111111110000001111111111111111111111000000000000000111111111111111110000000000000000000
0000000000000000000000000000000000000000000000000011111111111111110000111111111111000000111111111111111111100000011000000000111111111111111111000000000000000000
0000000000000000000000000000000000000000000000000011111111111111100000011111111111100000111111111111111111000000111100000111111111111111111111100000000000000000
0000000000000000000000000000000000000000000000000011111111111111100000011111111111111000011111111111111110000000111111111111111111111111111111100000000000000000
0000000000000000000000000000000000000000000000000011111111111111100000011111111111111000001111111111111100000001111111111111111111111111111111100000000000000000
0000000000000000000000000000000000000000000000000011111111111111100000011111111111111000000111111111111000000011111111111111111111111111111111000000000000000000
0000000000000000000000000000000000000000000000000011111111111111110000111111111111111000000011111111110000000111111111111111111111111111111111000000000000000000
0000000000000000000000000000000000000000000011100111111111111111111111111111111111111100000001111111100000001111111111111111111111111111111111100000000000000000
0000000000000000000000000000000000000000000011111111111111111111111111111111111111111110000000011111100000011111111111111111111111111111111111100000000000000000
0000000000000000000000000000000000000000000011111111111111111111111111111111111000011111000000000110000000111111111111111111111111111111111111100000000000000000
0000000000000000000000000000000000000000000111111111111111111111111111111111111000001111100000000000000001111111111111111111111111111111111111110000000000000000
0000000000000000000011100011111110000000111111111111111111111111111111111111111000000111111000000000000011111111111111111111111111111111111111110000000000000000
0000000000000000000111111111111110000000111111111111111111111111111111111111111000000011111110000000011111111111111111111111111111111111111111110000000000000000
0000000000000000000111111111111111111111111111111111111111111111111111111111111100000001111111000000111111111111111111111111111111111111111111111000000000000000
0000000000000000000111111111111111111111111111111111111111111111111111111111111110000001111111100001111111111111111111111111111111111111111111111000000000000000
0000000000000000111111111111111111111111111111111111111111111111111111111000011111000001111111111111111111111111111111111111111111111111111111111000000000000000
0000000000000001111111111111111111111111111111111111111111111111111111111000001111100001111111111111111111111111111111111111111111111111111111110000000000000000
0000000000000001111111111111111111111111111111111111111111111000011111111000000111111111111111111111111111111111111111111111111111111111111110000000000000000000
0000000000000001111111111111111111111111111111111111111111110000001111111000000011111111111111111111111111111111111111111111111111111111111110000000000000000000
0000000000000000111111111111111111111111111111111111111111100000000111111100000001111111111111111111111111111111111111110000000111111111111110000000000000000000
0000000000000000111111111111111111111111111111111111111100000000000001111110000001111111111111111111111111111111111111110000000111111100011100000000000000000000
0000000000000000111111111111111111111111111111111111111000000000000000011111000001111111111111111111111111111111111110000000000000000000000000000000000000000000
0000000000000000011111111111111111111111111111111111110000000110000000001111100001111111111111111111111111111111111100000000000000000000000000000000000000000000
0000000000000000011111111111111111111111111111111111100000011111100000000111111111111111111111111111111111111111111100000000000000000000000000000000000000000000
0000000000000000011111111111111111111111111111111111000000011111111000000011111111111111111111111111111111111110011100000000000000000000000000000000000000000000
0000000000000000001111111111111111111111111111111110000000111111111100000001111111111111110000111111111111111100000000000000000000000000000000000000000000000000
0000000000000000001111111111111111111111111111111100000001111111111110000001111111111111100000011111111111111100000000000000000000000000000000000000000000000000
0000000000000000011111111111111111111111111111111000000011111111111111000001111111111111100000011111111111111100000000000000000000000000000000000000000000000000
0000000000000000011111111111111111111111111111110000000111111111111111100001111111111111100000011111111111111100000000000000000000000000000000000000000000000000
0000000000000000011111111111111111111110000011110000001111111111111111110000011111111111100000011111111111111100000000000000000000000000000000000000000000000000
0000000000000000001111111111111111110000000001100000011111111111111111110000001111111111110000111111111111111100000000000000000000000000000000000000000000000000
0000000000000000000111111111111111110000000000000001111111111111111111111000000111111111111111111111111111111100000000000000000000000000000000000000000000000000
0000000000000000000111111111111111110000000000000001111111111111111111111000000011111111111111111111111111111110000000000000000000000000000000000000000000000000
0000000000000000000011111111111111100000000000000011111111111111111111111100000111111111111111111111111111111110000000000000000000000000000000000000000000000000
0000000000000000000011111111111111100000000000000011111111111111111111111110001111111111111111111111111111111100000000000000000001100110000000000000000000000000
0000000000000000000111111111111111110000000000000001111111111111111111111111111111111111111111111111111111110000000000000000000111111111000000000000000000000000
0000000000000000011111111111111111111000000000000001111111111111111111111111111111111111111111111111111111100000000110000000001111111111100000000000000000000000
0000000000000000111111111111100001111100000000000011111111111111111111111111111111111111111111111111111111100000011110000000001111111111110000000000000000000000
0000000000000000111111111111100000111110011000000111111111111111111111111111111111111111111111111111111111100000011110000000011111111111111000000000000000000000
0000000000000000011111111111100000011111111100000111111111111111111111111111111111111111111111111111111111100000011111000000111111111111111100000000000000000000
0000000000000000011111111111100000001111111110001111111111111111111111111111111111111110111111111111111111110000111111100000111111111111111110000000000000000000
0000000000000000011111111111110000000111111111011111111111111111111111111111111111111100000000011111111111111111111111100001111111111111111111000000000000000000
0000000000000000001111111111111000000111111111111111111111111111111111111111111111111000000000001111110111111111111111111111111111111111111111000000000000000000
0000000000000000000001111001111100000111111111111111111111111111111111111111111111111000000000001111110011111111111111111111111111111111111111000000000000000000
0000000000000000000000110000111110000111111111111111111110011111111111111111111111111000000000000111000001111111111111111111111111111111111111000000000000000000
0000000000000000000000000000011111111111111111111111110000001111111111111111111111111100000000000010000001111111111111111111111111111111111111000000000000000000
0000000000000000000000000000001111111111111111111111100000001111111111111111111111111110011000000000000001111111111111111111111111111111111111000000000000000000
0000000000000000000000000000000111111111111111111111000000011111111111111111111111111111111100000000000011111111111111111111111111111111111111100000000000000000
0000000000000000000000000000000111111111111111111111100000011111111111111111111111111111111110000000000011111111111111111111111111111111111111100000000000000000
0000000000000000000000000000001111111111111111111111110000111111111111111111111111111111111111000000000001111111111111111111111111111111111111000000000000000000
0000000000000000000000000000001111111111111111111111111000111111111111111111111111111111111110000000000001111111111111111111111111111111111111000000000000000000
0000000000000000000000001100001111111111111111111111111110011111111111111111111111111111111100000000000011111111111111111111111111111111111110000000000000000000
0000000000000000000000011111111111111111111111111111111111001111111111111111111111111111111000000001100111111111111111000011111111111111111110000000000000000000
0000000000000000000000011111111111111111111111111111111110000111111111111111111111111111110000000001111111111111111110000011111111111111111111000000000000000000
0000000000000000000000011111111111111111111111111111111100000011111111111111111111111111110000000000111111111111111110000000000011111111111111000000000000000000
0000000000000000000001111111111111110000111111111111111100000001111111111111111111111111111000000000111111111111111100000000000111111111111110000000000000000000
0000000000000000000111111111111111100000011111111111111100000000111110011111111111111111111100000001111111111111111001100110001110111111111100000000000000000000
0000000000000000111111111111111111100000011111111111111000000000011000001111111111111111111110000011111111111111110011111111111100000000111000000000000000000000
0000000000000000011111111111111111100000011111111111111000000000000000001111111111111111111111100111111111111111100111111111111000000000010000000000000000000000
0000000000000000001111111111111111100000011111111111111100000000000000011111111111111111111111111111111111111001001111111111111000000000000000000000000000000000
0000000000000000001111111111111111110000111111111111111110000000000000011111111111111111111111111111111111110000011111111111111000011001100000000000000000000000
0000000000000000011111111111111111111111111111111000011111000000000000011111111111111111111111111111111111100000011111111111111111111111110000000000000000000000
0000000000000000111111111111111111111111111111111000001111100000000000111111111110011111111111111111111111100000001111111111111111111111111000000000000000000000
0000000000000000111111111111111111111111111111111000000111111100001101111111111100001111111111111111111111110000011111111111111111111111111100000000000000000000
0000000000000000111111111111111111111111111111111000000011111111111111111111111000000111111111111111111111111000111111111111111111111111111110000000000000000000
0000000000000000111111111111111111111111111111111100000001111111111111111111110000000011111111111111111111110001111111111111111111111111111111000000000000000000
0000000000000000111111111111111111111111111111111110000001111111111111111111110000000011111111111111111111110001111111111111111111111111111111000000000000000000
0000000000000000111111111111111111111111110000011111000011111111111111111111000000000001111111111111111111110000111111111111111111111111111110000000000000000000
0000000000000001111111111111111111111111100000001111100111111111111111111110000000000001111111111111111111110000111111111111111111111111111110000000000000000000
0000000000000000111111111111111111111111100000000111111111111111111111111100000000000011111111111111111111110001111111111111111111111111111111000000000000000000
0000000000000000111111111111111111111111100000000011111111111111111111111111000000000111111111111111111111110001111111111111111111111111000111100000000000000000
0000000000000000011111111111111111111111110000000001111111111111111111111111100000001111111111111111111111110000111111111111111111111111000111110000000000000000
0000000000000000000111111111111111111111110000000001111111111111111111111111110000001111111111111111111111110000111111111111111110001111000111110000000000000000
0000000000000000000011111111111111111111100000000001111111111111111111111111110000000111111111111111111111110001111111111111111100000111111111100000000000000000
0000000000000000000011111111111111111111100000000001111111111111111111111111110000000111111111111111111111110001111111111111111100000111001111100000000000000000
0000000000000000000011111111111111100000000000000001111111111111111111111111110000001111111111111111111111110000111111111111111100000111100111110000000000000000
0000000000000000000111111111111111100000000000000001111111111111111111111111100000001111111111111111111111110000111111111111111110001111001111110000000000000000
0000000000000000000001111111111111100000000000000001111111111111111111111111000000000111111111111111111111110000111111111111111111111111111111100000000000000000
0000000000000000000000011111111111000000000000000001111111111111111111111110000000000011111111111111111111100000011111111111111111111111001111100000000000000000
0000000000000000000000000010001110000000000000000001111111111111111111111110000000000001111111111111111111000000011111111111111111111110011111110000000000000000
0000000000000000000000000000000000000000000000000001111111111111111111111110000000000000111111111111111111000000011111111111110001001100111111110000000000000000
0000000000000000000000000000000000000000000000000000111111111111111111111110000000000000011111111111111111100000011111111111110001100111111111100000000000000000
0000000000000000000000000000000000000000000000000000111111111111111111111110000000000000001111111111111111000000001111111111110001111111111111000000000000000000
0000000000000000000000000000000000000000000000000001111111111111111111111100000000000000000110011001100110000000000111111111111111111111111110000000000000000000
0000000000000000000000000000000000000000000000000000111111111111111111111100000000000000000000000000000000000000000011111111111111111111111100000000000000000000
0000000000000000000000000000000000000000000000000000001111111111111111111100000000000000000000000000000000000000000001111110011111111111111000000000000000000000
0000000000000000000000000000000000000000000000000000001111111111111111111000000000000000000000000000000000000000000000111100001111111111110000000000000000000000
0000000000000000000000000000000000000000000000000000000111111111111110000000000000000000000000000000000000000000000000011000000110011001100000000000000000000000
0000000000000000000000000000000000000000000000000000000000011111111100000000000000000000000000000000000000000000000000000000000000000000000000000000000000000000
0000000000000000000000000000000000000000000000000000000000000000000000000000000000000000000000000000000000000000000000000000000000000000000000000000000000000000
0000000000000000000000000000000000000000000000000000000000000000000000000000000000000000000000000000000000000000000000000000000000000000000000000000000000000000
0000000000000000000000000000000000000000000000000000000000000000000000000000000000000000000000000000000000000000000000000000000000000000000000000000000000000000
0000000000000000000000000000000000000000000000000000000000000000000000000000000000000000000000000000000000000000000000000000000000000000000000000000000000000000
0000000000000000000000000000000000000000000000000000000000000000000000000000000000000000000000000000000000000000000000000000000000000000000000000000000000000000
0000000000000000000000000000000000000000000000000000000000000000000000000000000000000000000000000000000000000000000000000000000000000000000000000000000000000000
0000000000000000000000000000000000000000000000000000000000000000000000000000000000000000000000000000000000000000000000000000000000000000000000000000000000000000
